541
542
543
544
545
546
547
548
549
550
551
552
553
576
577
578
579
580
581
582
583
584
585
586
587
588
589
590
591
592
593
594
652
653
654
655
656
657
658
678
679
680
681
682
716
717
718
719
720
721
722
778
779
780
781
810
811
812
813
814
815
874
875
876
877
878
879
880
881
882
883
884
885
886
887
888
889
890
891
892
893
894
895
896
897
898
899
900
901
902
903
904
905
906
907
908
909
910
911
912
913
914
915
916
917
918
919
920
921
922
923
924
925
926
927
928
929
930
931
932
933
934
935
936
937
938
939
940
941
942
943
944
945
946
947
948
949
950
951
952
953
