217	0
578	1
681	2
713	3
629	4
43	5
409	6
482	7
668	8
678	9
201	10
762	11
905	12
141	13
159	14
515	15
143	16
661	17
285	18
68	19
193	20
328	21
292	22
541	23
294	24
170	25
819	26
954	27
35	28
79	29
18	30
631	31
626	32
641	33
693	34
679	35
809	36
54	37
195	38
502	39
901	40
336	41
967	42
640	43
881	44
134	45
379	46
963	47
910	48
220	49
277	50
9	51
Windows_2000	52
778	53
228	54
SHA-2	55
921	56
175	57
398	58
284	59
156	60
203	61
935	62
188	63
293	64
675	65
594	66
776	67
264	68
530	69
542	70
658	71
321	72
949	73
74	74
894	75
866	76
325	77
209	78
857	79
78	80
119	81
656	82
39	83
94	84
350	85
562	86
27	87
639	88
943	89
WildFly	90
882	91
331	92
406	93
57	94
823	95
56	96
314	97
211	98
587	99
324	100
180	101
690	102
796	103
198	104
346	105
26	106
102	107
290	108
345	109
818	110
History_of_Firefox	111
333	112
951	113
148	114
958	115
topic_0	116
130	117
52	118
874	119
topic_4	120
335	121
149	122
123	123
444	124
436	125
255	126
85	127
262	128
559	129
636	130
205	131
962	132
.NET_Framework_version_history	133
698	134
726	135
608	136
610	137
965	138
605	139
topic_15	140
773	141
609	142
667	143
360	144
105	145
254	146
623	147
669	148
826	149
633	150
914	151
671	152
466	153
112	154
118	155
204	156
886	157
186	158
495	159
137	160
525	161
133	162
410	163
805	164
439	165
742	166
804	167
868	168
556	169
10	170
178	171
349	172
135	173
487	174
278	175
813	176
891	177
216	178
147	179
289	180
489	181
248	182
275	183
557	184
481	185
416	186
673	187
710	188
625	189
49	190
11	191
566	192
23	193
520	194
329	195
924	196
835	197
735	198
257	199
519	200
90	201
904	202
173	203
612	204
91	205
890	206
352	207
913	208
265	209
327	210
846	211
952	212
topic_16	213
540	214
393	215
912	216
87	217
196	218
296	219
524	220
64	221
121	222
503	223
434	224
29	225
60	226
670	227
880	228
532	229
500	230
946	231
395	232
162	233
751	234
938	235
781	236
337	237
355	238
269	239
522	240
131	241
858	242
251	243
887	244
791	245
845	246
892	247
76	248
582	249
733	250
318	251
452	252
730	253
332	254
237	255
107	256
715	257
721	258
136	259
261	260
132	261
124	262
364	263
128	264
575	265
798	266
184	267
47	268
125	269
topic_8	270
848	271
138	272
862	273
467	274
651	275
358	276
580	277
528	278
801	279
789	280
topic_11	281
772	282
834	283
239	284
411	285
310	286
448	287
418	288
647	289
16	290
691	291
38	292
247	293
62	294
469	295
313	296
42	297
240	298
103	299
435	300
597	301
833	302
92	303
topic_10	304
909	305
494	306
Windows_Media_Player	307
8	308
95	309
153	310
775	311
453	312
883	313
760	314
46	315
276	316
867	317
759	318
573	319
701	320
256	321
397	322
849	323
179	324
232	325
549	326
518	327
359	328
166	329
614	330
875	331
932	332
174	333
50	334
67	335
627	336
945	337
794	338
814	339
617	340
695	341
492	342
499	343
507	344
253	345
861	346
341	347
432	348
724	349
561	350
903	351
299	352
268	353
441	354
topic_9	355
226	356
766	357
506	358
527	359
685	360
429	361
604	362
854	363
552	364
167	365
897	366
885	367
783	368
734	369
697	370
915	371
569	372
158	373
462	374
HSQLDB	375
53	376
761	377
754	378
146	379
24	380
455	381
777	382
792	383
837	384
618	385
624	386
764	387
501	388
893	389
966	390
662	391
490	392
108	393
297	394
599	395
272	396
189	397
704	398
657	399
955	400
534	401
400	402
496	403
666	404
539	405
925	406
942	407
340	408
topic_7	409
88	410
459	411
756	412
812	413
231	414
930	415
896	416
145	417
73	418
593	419
488	420
589	421
632	422
643	423
637	424
649	425
934	426
708	427
769	428
32	429
426	430
513	431
427	432
535	433
344	434
825	435
936	436
484	437
192	438
281	439
17	440
154	441
389	442
383	443
746	444
911	445
470	446
888	447
140	448
408	449
553	450
319	451
682	452
700	453
373	454
547	455
485	456
793	457
150	458
480	459
526	460
583	461
716	462
743	463
957	464
142	465
Graphical_user_interface	466
817	467
475	468
592	469
900	470
523	471
286	472
126	473
570	474
70	475
127	476
144	477
405	478
635	479
258	480
565	481
12	482
322	483
401	484
714	485
711	486
800	487
Quantity_adjustment	488
282	489
338	490
374	491
412	492
375	493
827	494
602	495
37	496
512	497
334	498
5	499
topic_19	500
243	501
164	502
865	503
898	504
235	505
953	506
758	507
81	508
449	509
884	510
745	511
6	512
181	513
737	514
869	515
928	516
317	517
302	518
843	519
705	520
WS-Security	521
368	522
315	523
504	524
topic_17	525
116	526
271	527
748	528
320	529
353	530
99	531
208	532
696	533
771	534
807	535
384	536
836	537
707	538
752	539
820	540
348	541
460	542
topic_2	543
663	544
579	545
233	546
230	547
648	548
689	549
941	550
263	551
611	552
741	553
838	554
864	555
511	556
343	557
33	558
111	559
386	560
808	561
831	562
498	563
For_but_not_with	564
555	565
872	566
841	567
563	568
514	569
780	570
531	571
755	572
339	573
508	574
372	575
55	576
202	577
926	578
430	579
703	580
308	581
653	582
41	583
176	584
947	585
458	586
533	587
385	588
topic_6	589
214	590
120	591
207	592
613	593
155	594
194	595
961	596
242	597
956	598
774	599
283	600
889	601
687	602
806	603
topic_13	604
646	605
572	606
365	607
770	608
83	609
219	610
13	611
567	612
784	613
69	614
829	615
378	616
645	617
899	618
944	619
Internet_Explorer_5	620
628	621
367	622
7	623
229	624
688	625
601	626
72	627
75	628
472	629
190	630
442	631
660	632
28	633
677	634
672	635
391	636
34	637
234	638
543	639
431	640
93	641
25	642
279	643
642	644
98	645
473	646
596	647
763	648
717	649
347	650
851	651
795	652
371	653
659	654
238	655
440	656
71	657
859	658
712	659
729	660
445	661
65	662
382	663
376	664
483	665
63	666
908	667
topic_5	668
437	669
479	670
151	671
749	672
84	673
446	674
45	675
191	676
Windows_Server_2003	677
785	678
821	679
177	680
802	681
461	682
309	683
100	684
420	685
832	686
684	687
86	688
303	689
709	690
750	691
316	692
266	693
222	694
747	695
163	696
273	697
274	698
topic_14	699
584	700
588	701
244	702
428	703
403	704
306	705
97	706
451	707
267	708
577	709
80	710
815	711
413	712
739	713
311	714
731	715
876	716
933	717
454	718
790	719
152	720
840	721
554	722
421	723
113	724
377	725
606	726
550	727
797	728
719	729
723	730
497	731
607	732
463	733
399	734
960	735
738	736
937	737
744	738
650	739
674	740
923	741
423	742
380	743
546	744
652	745
212	746
468	747
558	748
161	749
544	750
844	751
40	752
218	753
213	754
165	755
443	756
906	757
722	758
323	759
305	760
619	761
307	762
298	763
692	764
654	765
779	766
221	767
291	768
630	769
topic_12	770
122	771
545	772
457	773
300	774
620	775
114	776
850	777
185	778
621	779
586	780
414	781
topic_3	782
402	783
680	784
855	785
811	786
856	787
110	788
295	789
574	790
720	791
727	792
916	793
538	794
390	795
839	796
Database_transaction	797
634	798
77	799
396	800
topic_1	801
757	802
61	803
169	804
516	805
0	806
312	807
616	808
249	809
615	810
878	811
852	812
968	813
576	814
66	815
106	816
200	817
160	818
304	819
782	820
58	821
948	822
600	823
788	824
816	825
830	826
301	827
598	828
330	829
366	830
241	831
3	832
590	833
676	834
31	835
474	836
59	837
215	838
236	839
510	840
537	841
529	842
638	843
223	844
736	845
464	846
728	847
753	848
787	849
922	850
456	851
19	852
381	853
2	854
342	855
117	856
404	857
551	858
250	859
199	860
370	861
879	862
863	863
768	864
172	865
168	866
895	867
171	868
252	869
447	870
686	871
536	872
683	873
101	874
225	875
36	876
392	877
486	878
718	879
357	880
786	881
591	882
22	883
21	884
224	885
509	886
44	887
407	888
206	889
210	890
280	891
433	892
505	893
917	894
702	895
topic_18	896
950	897
387	898
665	899
871	900
877	901
581	902
847	903
920	904
30	905
585	906
1	907
699	908
919	909
521	910
471	911
860	912
907	913
361	914
560	915
918	916
595	917
940	918
96	919
259	920
803	921
20	922
356	923
51	924
425	925
478	926
568	927
388	928
964	929
139	930
362	931
369	932
183	933
363	934
438	935
810	936
450	937
939	938
354	939
799	940
740	941
842	942
326	943
822	944
15	945
694	946
82	947
260	948
197	949
767	950
109	951
287	952
227	953
644	954
182	955
424	956
929	957
129	958
732	959
931	960
104	961
765	962
115	963
417	964
655	965
245	966
959	967
564	968
927	969
902	970
706	971
477	972
288	973
517	974
89	975
246	976
415	977
824	978
476	979
157	980
187	981
270	982
422	983
725	984
828	985
873	986
622	987
853	988
14	989
419	990
571	991
603	992
493	993
394	994
351	995
870	996
491	997
Transport_Layer_Security	998
465	999
4	1000
664	1001
548	1002
48	1003
